1002689
101534
1032623
103816
1049
104955
105219
1053
1061
106592
1069
1074467
1076588
109266
109472
1096
1115758
111831
1123043
1125847
1145276
1164
1193713
1196083
1197717
121719
1217908
1219
1225128
1225769
1235591
1241979
1249552
1250539
1264
1296669
129985
1302411
133924
1359
138072
138118
1382
138336
1411902
1413
1434191
1437009
1462
1467
1472345
1482
1486262
150829
1508404
1511
1531429
1548602
1550024
1550728
1550733
1565605
157692
158841
158877
1589
159743
1597781
1603
1609966
1618
1618207
163359
1635327
1646377
164759
1653476
166486
1670800
167964
1679721
168169
168384
168471
1704499
1705394
1712410
1734049
1740262
1759059
1763536
1776384
178339
1784714
1796616
1802984
1808979
1809410
1813880
1821960
182710
1836
1839801
1844971
185007
1851514
1852
1852374
1852381
1853278
186189
1863
1866326
1867719
1871034
187493
1883414
188913
1894999
1896196
1903704
1908198
1915078
1927128
1930273
1930593
1943633
1944646
197482
1982626
2024580
2067960
2072590
2079792
2108523
2172099
220697
221402
2218628
2219224
222819
2283160
2290923
233181
2364647
2371
237258
2377
241244
2483033
2493639
2494374
2499157
2518971
2527974
2527984
2527989
2528021
2528026
2528027
254247
2546366
2558360
256618
2567896
2569541
2576307
257708
2579971
2582913
2587163
2592345
2596916
2601575
265883
2665642
2682456
2682810
2683284
2697033
2698684
2699430
2704465
2708082
2708301
2712222
2714353
2714927
2714937
2714952
2716812
2718
2719989
2728835
2731755
2739061
2746
2758440
2758442
2762277
2762729
277
2770551
2772557
2794344
28132
2813578
2820710
28223
2831148
2834459
2835787
28447
2846775
2862869
2874213
2895352
2916397
2924031
29303
29546
2956798
2966552
2970906
2974039
2975157
2980027
3015160
3015995
3041175
31998
33033
33038
331696
338645
33952
33970
340345
34070
343874
351604
352475
354
35841
370405
37482
375175
37692
385025
386891
388413
393765
407035
412690
421628
43
43669
437897
453816
46124
467976
47735
482957
483545
48935
49118
511062
521720
529884
53444
53501
535744
543877
547143
547188
551760
553814
556
556325
562
56438
56459
569860
573658
58180
61648
623
642780
649841
651666
661191
666685
669359
674079
69499
71999
74313
75697
758793
767892
770
78258
784
79209
79883
80679
80880
81475
82135
84159
84590
870903
873
875328
88431
884684
9
929813
943830
991904
