1006
100886
101385
1018
102134
105560
111501
1165090
1170699
1184
1209493
120962
1218801
1231
1276
129958
1306787
13076
1335043
1336796
1336806
134821
1353976
1379910
1397264
1400387
1445505
1446467
1447062
1453352
1486034
1492898
1522
1525
1581680
161154
1622118
164514
1658665
1702325
1714860
171695
173480
1736674
1761453
1774273
1790137
1803846
1813871
1836467
1850246
1850252
187145
1891644
1917421
192073
1930276
1936081
1968839
2027857
2036206
2039
2049305
2058135
2058175
2069432
2094025
2095
2115
2118
2161747
2202721
225148
2315862
2341117
2358
2483799
2502779
2507538
252307
2527972
2528009
2528022
2528024
2529032
2562285
2570561
2583587
2584122
2588534
266009
2675331
2676868
2686077
2686365
2698458
2708110
270918
2742683
2744027
2745197
2751313
2755338
2760713
2767188
2778876
2779360
2796927
28068
2809707
28112
2820661
2829795
2838156
2840183
285091
2866627
2875540
2893202
2900738
2905121
2906798
2916754
2917832
2919598
292566
2926907
2931930
29329
295596
3004129
3031917
3037797
313588
31909
320324
32046
326320
33070
34029
342950
343403
354356
359408
362787
36863
375929
391953
392593
398743
400092
400770
405
411153
413882
42838
446683
454601
456827
46125
477680
480520
496866
51665
531813
54299
57029
573501
575378
59600
59754
616991
63186
639200
661488
754429
762954
76731
79329
823
83552
837
85874
861299
89093
899
911092
915
91604
927
930802
930972
931531
986
