1000373
1003891
1005962
100887
101192
10261
10273
10276
10279
1032474
1034377
10406
104580
1047171
1048396
10484
1048434
10497
10506
10561
10564
10567
1056831
10570
10623
106284
10661
10665
10677
10678
10679
10683
10685
10690
1069378
10708
10710
10726
1073767
1073996
10742
1074214
1074325
10752
10756
1076255
10778
10837
10847
1084719
10855
10862
10869
1091052
109270
10991
11020
1105381
1109716
111955
112437
1124849
113608
113653
1141134
11569
1157339
1159556
115987
1159906
115991
116056
117187
11723
11757
1176145
1176146
1176147
1176148
1176149
1177757
1177758
1177762
1177763
1177764
1177765
1177766
1177767
118140
11885
1188794
1190451
1195085
11983
1200300
1202142
1204525
1204543
1206566
12092
1211644
12173
12175
12181
1218727
122368
12241
12288
12295
12303
12315
12319
12321
12327
1233177
12345
1235662
12360
1239574
12407
12431
1245909
12465
12475
12558
1256869
12585
12639
1273541
1273739
127509
1279082
1285589
1285598
1285600
128818
12893
129141
1291540
129395
1294262
129727
129875
130327
130478
131082
1312874
1329402
1330066
1330068
1330070
1330524
1340830
1343920
1349409
13502
1353260
136084
1364945
137475
13769
13773
1379040
1381007
138950
1400526
1406512
1407499
1410606
141904
1425362
1431460
1437839
1443909
1450746
145263
1457165
1465639
146826
1481186
1481452
148603
148879
148880
1493829
1510225
1511776
1511781
1511783
1511803
1511805
1511891
1513188
1513202
1513224
1513248
1513249
1513250
1513251
1513252
1513253
1513254
1513255
151528
152177
1547219
1547898
1550241
1552990
155863
1569057
1577791
1586232
1586233
1595998
160233
1603555
1604004
1633151
164451
164750
1659771
1670455
1673428
1678143
1678144
1678145
1678146
1678147
1678906
1679096
1690672
169683
1714619
174142
1755588
176106
176652
1785753
179637
180170
1803957
180504
181082
181124
181762
1821560
1821750
1838062
184117
1853682
1853690
185782
186165
186772
186786
1871153
1873524
1873698
1874277
1883371
188350
1884450
1884453
1884460
1884461
1891729
1891746
1891754
1891755
1891756
1891770
1898749
190064
1903276
1910935
1911006
1911010
1913656
1913658
1913995
1914019
1914020
1914161
1914568
1914574
1914853
1914897
1915209
1917980
1918005
1918011
1918014
1918194
1918525
1918720
1918722
1918727
1918729
1918731
1920493
1920498
1920749
1920751
1920754
1920763
1920772
1920777
1920998
1921008
1921018
1921118
1921123
1921130
1921188
1921411
1921432
1921436
1921526
1921545
1921548
1921554
1921698
1921705
1921710
1921773
1921778
1921824
1922208
1922212
1922242
1922247
1922328
1922331
1923469
1925781
1925803
1926511
193121
1932910
1932912
1932923
1932927
194441
1945565
1945589
194699
194802
194965
194966
1961787
1965384
1966265
1971236
1972577
1972580
1972584
1972593
1972626
1972686
1977105
1977140
1977297
1977306
1977402
1977408
1977411
1977412
197771
197772
1978413
1978546
1980426
1980456
1980541
1980918
1980923
1980926
1980931
1980941
1980946
1981041
1981164
1981166
1981167
1982090
1982093
1982096
1982100
1982102
1982105
1982107
1982112
1982148
1982151
1982153
1982219
1982221
1982225
1982229
1982237
1982240
1982245
1982247
1982269
1982357
1982360
1982363
1982364
1982365
1982368
1982371
1982373
1982377
1982555
1982560
1982561
1982563
1982567
1982570
1982575
1982577
1982580
1982584
1982588
1982591
1982596
1982660
1982747
1982750
1982751
1982882
1982890
1982894
1982895
1982903
1982918
1983117
1983550
1983736
1983739
1983742
1983750
1984775
1984778
1984783
1984787
1984790
1984796
1984800
1985175
1985182
1985290
1985305
1985310
1985326
1985337
1985342
1985354
1985689
1985695
1985698
1985704
1985714
1985726
1985729
1985730
1985731
1985732
1985736
1985737
1985740
1985983
1986027
1986034
1986112
1986113
1986118
1986538
1986960
1987993
1987994
1993650
1993859
1993872
2003329
2003391
2003649
2003678
200415
2004457
2005060
2005701
2006134
2006145
2006175
2011073
2011074
2011075
2011076
2011077
2011078
2011079
2011080
2011081
2011082
2011083
2011088
2024608
2025079
2030964
2034170
2034996
2034999
204090
2041855
2041859
2045011
2049886
2052899
2055893
2056194
205868
205869
205870
205872
205875
205876
205879
205910
2060092
2060093
2060142
2060973
207343
2079521
2083181
2126984
213034
2136037
213633
2161875
2161876
2161880
2169571
2169685
2169686
2169687
2169689
2169692
2169700
2169704
2169707
2169721
2169724
2169725
2169730
2169731
2169775
2169798
2169814
2169834
2169853
2169860
2169864
2169868
2169870
2169883
2169893
2169894
2169905
2169910
2169918
2169919
2169921
2169922
2169925
2169926
2169927
2169937
2169963
2169965
2169978
2170027
2170030
2170047
2170052
2170091
2170098
2170116
2170139
2170191
2170203
2170215
2170216
2170221
2170233
2170234
2170235
2170236
2170237
2170239
2170248
2170254
2173
2176
217686
2180
2182400
2187
2189
219174
2198
2199
2201
2203
2209
221915
2224
2231603
2238
2246
2247
225588
2257
2259673
2269
227086
227470
2275
2280
2282148
2282206
2287
229731
2306623
230871
2315
2317
2320
2322
232237
233894
235201
235266
240426
242527
242703
244589
245685
2494552
2499618
2499620
2499621
2499622
2499677
2499678
2499685
2499932
2501933
2501934
2501935
2501936
2501937
2501942
2501943
2501944
2501945
2501946
2501947
2501958
2501965
2501969
2502000
2505977
2507290
2507503
2508226
2508233
2508237
2508251
2508252
2508255
2508259
2509286
2509380
2509382
2509383
2509395
251749
2560261
2560265
2560266
2560269
2560283
2560286
2560287
2560293
2560297
2560300
2560303
2560304
2560308
2560332
2560333
2560334
2560335
2560336
2560337
2560343
2560351
2560358
2560359
2560360
2560387
2560388
2560392
2560393
2560395
2560396
2560398
2560400
2560405
2560406
2560407
2560409
2560414
2560419
2560421
2560422
2560434
2560435
2560436
2560440
2560453
2560472
2560473
2560476
2560479
2560482
2560484
2560485
2560486
2560487
2560489
2560492
2560493
2560494
2560495
2560497
2560498
2560499
2560500
2560501
2560502
2560503
2560506
2560507
2560508
2560509
2560512
2560514
2560530
2560534
2560535
2560539
2560540
2560545
2560548
2560552
2560578
2560588
2560589
2560590
2560591
2560592
2560595
2560596
2560597
2560598
2560608
2560611
2560612
2560615
2560618
2560619
2560620
2560623
2560625
2560629
2560631
2560633
2560644
2560651
2560652
2560656
2560657
2560658
2560666
2560671
2560676
2560679
2560680
2560683
2560684
2560686
2560688
2560689
2560691
2560692
2560695
2560699
2560700
2560702
2560703
2560704
2560705
2560706
2560720
2560726
2560728
2560731
2560736
2560745
2560751
2560752
2560753
2560762
2560778
2560782
2560784
2560785
2560786
2560792
2560802
2560804
2560818
2560822
2560831
2560834
2560835
2560836
2560838
2560842
2560843
2560846
2560847
2560848
2565781
2586965
2587410
2594042
259901
260149
260373
2607662
261726
264729
265294
2653507
265877
2662283
268748
269145
2696356
2706523
270673
27289
2731208
2732591
2732655
2732707
2732762
2732775
2732786
2733315
2733321
2733322
2733323
2733327
2733328
2733333
2733334
2733335
2733346
2733347
2733363
2733365
2733367
2733369
2733371
2733372
2733373
2733375
2733377
2733575
2733578
2733580
2733589
2733591
2733593
2733595
2733596
2733597
2733608
2733609
2733611
2733614
2733615
2733616
2733617
2733625
2733629
2733640
2733648
2733651
2733653
2733655
2733657
2733662
2733884
2733886
2733887
2733888
2733890
2733892
2733894
2733895
2733897
2733899
2733902
2733904
2733905
2733916
2733918
2733920
2733922
2733923
2733924
2733925
2733926
2733927
2733928
2733930
2733931
2733932
2733936
2733939
2733941
2733944
2733946
2733947
2733949
2733953
2733954
2733955
2733956
2733958
2733960
2733963
2733965
2733967
2733970
2733971
2733973
2733974
2733975
2733976
2733978
2733994
2733996
2733998
2734000
2734002
2734004
2734005
2734007
2734018
2734020
2734029
2734030
2734031
2734046
2734048
2734053
2734056
2734057
2734061
2734062
2734063
2734065
2734067
2734068
2734069
2734070
2734071
2734072
2734073
2734074
2734076
2734077
2734078
2734079
2734081
2734082
2734083
2734084
2734085
2734088
2734089
2734093
2734095
2734096
2734097
2734101
2734102
2734103
2734105
2734108
2734109
2734110
2734111
2734112
2734114
2734115
2734116
2734117
2734118
2734119
2734120
2734121
2734124
2734125
2734126
2734127
2734129
2734131
2734134
2734135
2734136
2734140
2734142
2734143
2734144
2734145
2734146
2734147
2734148
2734149
2734150
2734151
2734153
2734154
2734158
2734159
2734160
2734186
2734187
2734188
2734190
2734191
2734192
2734194
2734199
2734202
2734203
2734204
2734207
2734208
2734211
2734213
2734214
2734215
2734216
2734217
2734218
2734220
2734222
2734227
2734229
2734230
2734231
2734233
2734235
2734236
2734237
2734238
2734239
2734240
2734241
2734242
2734243
2734244
2734245
2734246
2734247
2734248
2734249
2734250
2734251
2734252
2734254
2734259
2734261
2734262
2734265
2734267
2734268
2734269
2734271
2734272
2734273
2734274
2734275
2734276
2734277
2734278
2734279
2734280
2734283
2734284
2734286
2734287
2734291
2734292
2734351
2734373
2734374
2734396
2734398
2734407
2734410
2734484
2734500
2734501
2734502
2734512
2734513
2734535
2734536
2734555
2734566
2734572
2734573
2734576
2734584
2734587
2734588
2734591
2734593
27350
273810
2741717
2743090
2745133
2746072
2746925
2747210
2747319
2747323
2747343
2747493
2748760
2748764
2748958
2748968
2749931
2761539
2784880
279280
279383
279538
280036
280701
280754
28295
28321
28355
2841257
2841282
2841283
2841302
2841303
2843613
2843619
2843621
2843625
2843626
2843628
2843629
2843630
2843639
2843640
2843641
2843643
2843644
2843645
2843646
2843653
2843654
2843657
2843658
2843668
2843672
2843674
2843676
2843679
2843681
2843682
2843683
2843684
2843687
2843690
2843691
2843692
2843693
2843695
2843696
2843700
2843701
2843704
2843705
2843707
2843716
2843718
2843719
2843722
2843723
2843726
2843729
2843731
2843732
2843733
2843737
2843739
2843743
2843747
2843749
2843750
2843751
2843752
2843753
2843754
2843756
2843757
2843759
2843760
2843762
2843765
2843766
2843771
2843773
2843775
2843777
2843778
2843780
2843781
2843786
2843787
2843790
2843791
2843793
2843794
2843795
2843803
2843829
2843832
2843834
2843835
2843836
2843837
2843838
2843839
2843840
2843841
2843842
2843845
2843846
2843848
2843849
2843850
2843851
2843855
2843857
2843858
2843859
2843860
2843864
2843865
2843866
2843867
2843869
2843872
2843875
2843878
2843881
2843882
2843883
2843890
2843895
2843896
2843899
2843900
2843902
2843903
2843904
2843905
2843918
2843919
2843923
2843924
2843925
2843927
2843929
2843935
2843937
2843939
2843940
2843942
2843943
2843944
2843945
2843946
2843947
2843949
2843951
2843953
2843965
2843969
2843972
2843973
2843984
2843988
2843989
2843990
2843993
2843995
2844009
2844013
2844020
2844030
2844032
2844037
2844042
2844049
2844050
2844051
2844053
2844054
2844059
2844063
2844068
2844069
2844070
2844071
2844081
2844082
2844083
2844084
2844086
2844087
2844090
2844091
2844092
2844093
2844094
2844096
2844097
2844098
2844107
2844108
2844109
2844116
2844118
2844120
2844122
2844125
2844127
2844136
2844138
2844144
2844149
2844152
2844153
2844154
2844160
2844161
2844164
2844165
2844166
2844167
2844169
2844170
2844171
2844172
2844174
2844175
2844204
2844233
2844234
2844247
2844270
2844273
2844275
2844276
2844278
2844279
2844280
2844281
2844282
2844284
2844285
2844286
2844287
2844288
2844289
2844291
2844300
2844302
2844303
2844304
2844306
2844309
2844310
2844311
2844312
2844405
2844406
2844407
2844408
2844522
2844539
2844554
2844568
2844612
2844626
2844641
2844644
2844645
2844646
2844649
2844650
2844652
2844653
2844654
2844656
2844657
2844666
2844673
2844675
2844677
2844680
2844760
2844785
2844793
2844798
2844808
2844809
2844810
2844811
2844816
2844819
2844820
2844822
2844825
2844831
2844832
2844835
2844838
2844847
2844856
2844862
2844963
2844975
2844979
2844980
2844981
2844983
2844985
2844986
2844988
2844989
2844994
2845000
2845003
2845004
2845005
2845006
2845008
2845010
2845012
2845016
2845018
2845019
2845020
2845021
2845023
2845024
2845025
2845027
2845028
2845030
2845031
2845032
2845035
2845036
2845037
2845038
2845039
2845040
2845043
2845044
2845046
2845055
2845056
2845058
2845059
2845060
2845062
2845064
2845065
2845066
2845069
2845070
2845071
2845073
2845079
2845083
2845088
2845093
2845095
2845097
2845099
2845109
2845112
2845113
2845114
2845117
2845118
2845119
2845120
2845123
2845126
2845127
2845128
2845129
2845131
2845132
2845133
2845135
2845136
2845137
2845138
2845140
2845143
2845144
2845146
2845147
2845151
2845155
2845184
2845191
2845386
2845410
2845427
2845428
2845441
2845460
2845482
2845483
2845484
2845488
2845491
2845498
2845499
2845501
2845502
2845508
2845510
2845512
2845517
2845519
2845520
2845521
2845526
2845531
2845532
2845533
2845534
2845536
2845538
2845545
2845548
2845550
2845552
2845553
2845556
2845558
2845559
2845561
2845564
2845565
2845569
2845570
2845573
2845574
2845575
2845577
2845578
2845579
2845580
2845584
2845585
2845587
2845588
2845591
2845604
2845607
2845608
2845610
2845613
2845615
2845617
2845625
2845627
2845631
2845635
2845636
2845638
2845639
2845643
2845647
2845648
2845649
2845650
2845652
2845653
2845655
2845656
2845657
2845660
2845661
2845663
2845664
2845665
2845669
2845670
2845671
2845672
2845673
2845674
2845676
2845678
2845679
2845680
2845681
2845682
2845684
2845685
2845688
2845692
2845693
2845694
2845695
2845696
2845697
2845698
2845700
2845702
2845703
2845713
2845714
2845715
2845716
2845717
2845718
2845720
2845724
2845728
2845734
2845743
2845749
2845751
2845752
2845753
2845755
2845756
2845758
2845768
2845769
2845771
2845773
2845776
2845780
2845781
2845783
2845793
2845798
2845801
2845804
2845831
2845833
2845835
2845838
2845841
2845843
2845844
2845848
2845851
2845854
2845858
2845860
2845861
2845862
2845867
2845868
2845870
2845872
2845873
2845939
2845941
2845947
2845949
2845951
2845952
2845954
2845959
2845961
2845962
2845967
2845969
2845970
2845972
2845974
2845978
2845985
2845986
2845988
2845989
2845990
2845992
2846003
2846015
2846017
2846027
2846035
2846037
2846038
2846039
2846040
2846044
2846049
2846050
2846054
2846055
2846059
2846061
2846063
2846064
2846065
2846066
2846068
2846069
2846071
2846075
2846076
2846079
2846104
2846123
2846144
2846146
2846149
2846161
2846166
2846168
2846169
2846170
2846171
2846172
2846174
2846176
2846177
2846179
2846180
2846184
2846185
2846187
2846190
2846191
2846193
2846194
2846196
2846208
2846209
2846210
2846213
2846215
2846216
2846217
2846226
2846231
2846232
2846233
2846234
2846235
2846236
2846237
2846239
2846241
2846243
2846269
2846291
2846383
2846386
2846388
2846391
2846392
2846393
2846395
2846396
2846399
2846404
2846405
2846406
2846410
2846413
2846414
2846415
2846417
2846418
2846420
2846423
2846424
2846425
2846426
2846427
2846428
2846429
2846431
2846434
2846435
2846436
2846437
2846438
2846439
2846440
2846441
2846442
2846443
2846445
2846446
2846447
2846449
2846450
2846451
2846454
2846455
2846576
2846579
2846580
2846581
2846583
2846584
2846585
2846587
2846594
2846595
2846596
2846597
2846600
2846601
2846603
2846604
2846606
2846607
2846608
2846610
2846612
2846617
2846620
2846621
2846622
2846623
2846624
2846639
2846657
2846660
2846661
2846662
2846663
2846664
2846665
2846666
2846669
2846670
2846671
2846672
2846673
2846675
2846676
2846677
2846678
2846683
2846685
2846689
2846691
2846693
2846699
2846739
284688
2850
2874846
2876193
2884876
28873
2898
28985
29176
29255
29288
29291
293091
2931977
2933293
2934340
2944850
2951978
2953674
2953753
2955190
2955235
2955236
2955237
2955246
2955263
2955284
2955291
2955294
2955318
2955324
2955329
2955330
2955355
2955357
2955358
2955361
2955362
2955363
2955364
2955374
2955377
2955379
2955380
2955391
2955393
2955410
2955413
2955419
2955426
2955454
2955457
2955465
2955476
2955492
2955496
2955497
2955513
2955535
2955536
2955537
2955538
2955547
2955566
2955570
2955571
2955581
2955582
2955592
2955593
2955594
2955597
2955598
2955599
2955600
2955602
2955604
2955700
2955702
2955706
2955709
2955710
2955720
2955728
2955736
2955737
2955738
2955742
2955744
2955746
2955747
2955750
2955751
2955753
2955763
2955764
2955796
2955840
2955841
2955842
2955843
2955845
2955846
2955847
2955848
2955859
2955860
2955862
2955863
2955871
2955872
2955874
2955875
2955881
2955887
2955888
2955891
2955912
2955917
2955918
2955922
2955924
2955927
2955929
2955935
2955940
2955942
2955943
2955944
2955946
2955947
2955953
2955956
2955958
2955959
2955961
2955964
2955965
2955966
2955967
2955968
2955970
2955971
2955972
2955979
2955982
2955984
2955985
2955986
2955987
2955988
2955989
2955990
2955992
2955993
2955994
2955998
2956000
2956010
2956015
2956041
2956043
2956045
2956049
2956052
2956053
2956056
2956058
2956059
2956062
2956068
2956092
2956095
2956096
2956098
2956100
2956101
2956102
2956105
2956108
2956122
2956123
2956125
2956126
2956130
2956131
2956134
2956138
2956139
2956144
2956146
2956148
2956181
2956185
2956186
2956187
2956188
2956190
2956191
2956195
2956196
2956197
2956199
2956200
2956206
2956208
2956210
2956212
2956213
2956214
2956221
2956223
2956224
2956229
2956232
2956234
2956235
2956240
2956245
2956252
2956262
2956265
2956268
2956282
2956283
2956300
2956310
2956312
2956313
2956314
2956315
2956317
2956318
2956325
2956326
2956327
2956330
2956343
2956344
2956346
2956351
2956352
2956355
2956357
2956359
2956364
2956367
2956368
2956372
2956374
2956376
2956382
2956385
2956386
2956387
2956388
2956389
2956396
2956398
2956399
2956401
2956425
2956426
2956429
2956430
2956431
2956433
2956437
2956439
2956442
2956443
2956444
2956445
2956449
2956453
2956458
2956463
2956465
2956469
2956470
2956473
2956475
2956486
2956487
2956489
2956490
2956521
2956529
2956534
2956537
2956538
2956539
2956542
2956543
2956546
2956556
2956558
2956575
2956576
2956579
2956619
2956628
2956629
2956630
2956633
2956634
2956636
2956645
2956649
2956672
2956679
2956698
2956699
2956700
2956701
2956702
2956703
2956706
2956707
2956710
2956712
2961574
2961595
2962671
2962673
2963434
298331
298338
300180
300186
3034023
304399
3045953
3047343
3047688
3047689
3047693
3047694
3047701
3047716
3047724
3047736
3047742
3047743
3047744
3047755
3047757
3047758
3047771
3047780
3047782
3047794
3047811
3047818
3047836
3047838
3047840
3047842
3047853
3047860
3047949
3047951
3048148
3048151
3048161
3048190
3048191
3048203
3048222
3048227
3048230
3048238
3048242
3048243
3048247
3048250
3048254
3048255
3048260
3048265
3048295
3048297
3048298
3048299
3048303
3048307
3048309
3048320
3048322
3048333
3048343
3048357
3048359
3048365
3048369
3048371
3048378
3048379
3048380
3048407
3048408
3048409
3048411
3048412
3048413
3048446
3048448
3048452
3048456
3048462
3049952
3050134
3050245
3050248
3050250
3050271
3050272
3050273
3050281
3050288
3050290
3050296
3050300
3050301
3050305
3050324
3050331
3050334
3050344
3050347
3050351
3050360
3050362
3051371
3051383
3051404
3051410
3051412
3051624
3051975
3051977
3051980
3051983
3051995
3052000
3052025
3052045
3052099
3052115
3052116
3052136
3052142
3052148
3052172
3052181
3052182
3052183
3052184
3052186
3052189
3052195
3052202
3052205
3052209
3052212
3052214
3052220
3052223
3052230
3052240
3052243
3052245
3052246
3052248
3052249
3052250
3052252
3052253
3052256
3052260
3052269
3052270
3052273
3052279
3052280
3052282
3052303
3052334
3052338
3052340
3052345
3052348
3052349
3052350
3052354
3052361
3052362
3052366
3052381
3052460
3052505
3052514
3052543
3052558
3052566
3052591
3052593
3052602
3052603
3052610
3052615
3052621
3052632
3052676
3052691
3052700
3052703
3052717
3052724
3052728
3052734
3052737
3052740
3052741
3052742
3052745
3052746
3052748
3052749
3052750
3052753
3052755
3052756
3052757
3052758
3052762
3052770
3052775
3052776
3052777
3052778
3052789
3052811
3052813
3052821
3052826
3052827
3052828
3052830
305785
3058190
310750
311226
311229
311400
312185
31532
31535
31537
315953
31713
31721
318829
320122
323118
324900
32625
329853
33169
332032
333919
333930
334204
334205
334208
336959
33724
33756
33773
338079
338192
338473
338781
340435
341721
341938
342409
342564
344022
345201
347328
347962
35128
35238
35258
35288
35297
35343
35350
353800
355246
35612
358766
36035
36363
36403
36427
36453
365150
369960
37128
37206
373407
374422
37554
37665
376820
37727
379547
37961
381046
387341
387343
38804
388452
390157
391228
393598
39444
39640
39669
39720
39804
398839
40051
400567
40523
40537
405554
40559
40631
406340
413810
414970
41675
417280
41764
421010
42260
42374
42475
42882
43080
431317
432096
438482
440250
442302
44689
44930
454128
456999
46014
460519
46448
464988
466051
46632
475088
483537
487686
4896
490103
4909
491003
4924
49267
4932
4950
4952
4956
4959
497727
498019
498846
50339
508419
5141
5207
5270
536044
53953
540068
54120
54248
54252
54254
54261
5478
548915
5499
552525
55510
55529
555573
55951
55987
561996
563177
56636
5664
5691
570267
5722
5741
57478
57705
5807
5811
5855
5865
5874
5888
588898
59509
6035
60847
62099
62320
624134
631345
632112
638358
64003
64186
64318
644610
650121
65467
663557
667093
66797
674954
674971
675060
67571
67585
683846
68402
686985
691956
691958
693066
693627
694009
694014
694581
69525
696863
69781
700542
70734
70796
713089
73498
743023
74501
745377
746128
755307
76775
76887
78541
78579
796027
80884
82676
83171
83191
83984
84156
85652
859650
861044
861047
869888
869889
877455
882768
90961
915293
926474
926844
934027
945962
94643
95342
971279
97195
97393
98403
