100225
1005039
1006576
100716
1008
1014
102116
1027273
1031538
1033854
103731
104
1048758
1050
1055104
1056807
106
1063
106370
1069220
1070130
1075
1076
1076124
1076626
107709
1079
1081631
1082704
1084
1085624
1097
1100
1102
110539
1108
1108595
1109412
111015
1112
1118202
1124597
1125966
1126
1131703
1133546
1134405
1134435
1137095
1138822
114186
1141883
1148
1155739
1159327
1160
1160784
116090
1162966
1165
1166950
117157
117207
1173025
1173026
1173032
1177211
1177712
1179673
118000
118163
118323
1183401
1184387
1185412
118562
1188228
1188319
119
1193095
119484
1196095
119864
120
1208324
1210884
1221500
1229
1229164
1230341
1232575
1238
123824
1249553
125
1255
1259973
1260
1263979
1267021
1267766
1267768
1270
1274
1278232
128
1280
1282737
1288970
1293412
1295382
1295392
1295609
1296
1297617
129921
1302659
1303590
1307
1307761
1307763
1307839
131568
1323375
1323948
1331910
1332188
1333996
1334193
133453
1335048
1335746
133926
1348774
135577
1357545
136073
136094
136609
1379870
1380685
1384459
1387353
1391653
1391654
139208
139438
1397
1397703
1398
14
1402135
1404864
1408204
1410383
141451
1415657
142
1423
1424294
1424653
1426
1427364
142864
1432792
143361
1436133
1436290
1441386
1443036
1449
1457365
1458425
1458461
1461582
1465
146786
146919
146939
1470434
1471761
147268
1472767
147322
1473598
1476
147709
1478
1482074
1484109
148813
1490
1496
149715
1498
1500254
150123
1501392
150340
1505
1505757
1509244
1510
1510150
1510841
1513
1514105
151895
1521
1526571
1526572
1526658
1528099
1532552
153493
153496
1535208
1537215
1537400
154
154046
154288
1543721
1547448
1548547
1548548
154981
1549855
155077
1553431
1555112
1556
155892
155978
1561003
1561005
1565
1570
1575
157592
157673
1578165
1579316
1579979
158
158080
1582259
158327
1585976
1586287
158822
158849
158899
1591409
159346
1594731
1597
1603606
1608628
1608957
1610493
1612173
161493
1619308
1619313
1620215
1620816
1621989
1623
1630135
1630141
1632864
1634516
1639
1639108
1642646
164546
1646
1648404
165096
165179
1653434
1653480
1658616
1658671
1661
166485
166501
166935
1670830
1670831
1674922
1675686
167642
1678128
1682490
1685010
168695
169176
169435
1697053
1702221
1704307
1711
1712261
171437
1715691
1717717
172
1720083
1731
1735038
1737490
1745854
174633
1748
1750598
1750719
1751046
1752063
1755811
1758689
1760988
1761012
1763535
1763828
1768242
1771309
1773
1773489
177758
1778262
1778263
1778264
178899
1795630
179636
1796620
1796635
1796646
1796652
1796921
1798205
180
1804990
1806508
1810504
1811807
1813451
181487
181663
1817405
1821621
182210
182262
182640
1826607
1838286
184064
1842540
184914
184917
1850238
1850254
1851148
1852022
1852373
185300
1855912
1859475
1861
186192
1862145
186490
1866
1868589
1870985
187101
1871025
187137
1878942
1882682
1882918
1884634
1884914
1891207
1891926
189381
1898042
19
1903694
1906741
1906744
1907662
1911586
1912795
1913578
1914471
191495
1915309
191579
1917485
1920883
1921086
1921510
1925548
1926868
192843
1930071
1930274
1930277
1933880
1935379
1936003
1936021
1938604
1940612
1940790
194196
195105
195913
1962974
1967665
1969806
1969821
197
197162
1972068
1972134
1981510
198252
1986204
1987921
199441
199596
2001
2003188
2005460
2006
2006110
2010829
2016596
2017482
2020
2021234
2026
2026624
2026885
2028345
2029849
2035
2038343
2043170
2045
204525
2047
2047767
2047966
2051
2051959
2054
2057
2058657
2061
206403
206506
2066
2066483
2067065
2068655
2070537
207949
2079791
208199
208216
208226
208479
2086584
2086585
2093824
2093856
2093857
2097
2099786
2108365
2109913
2109914
2109915
211114
2115978
2116657
2126321
2126346
2133944
214851
214888
2151
215591
215813
2161677
2163011
2163644
216465
216778
216816
216933
2169400
2170745
2171623
2171755
2172103
2173034
218208
2183582
2183911
2184083
219314
2202149
2211106
2211108
2211140
2213194
2213226
2219043
2220095
2220096
2231055
2233999
223967
225194
2259620
225992
2268024
2268449
227318
2283195
2283318
228745
2291597
2292766
2293
2293317
2296
2303331
2303538
2304600
2305987
231049
2316383
2320858
2321403
232259
2331
233100
2341112
234827
2350
2352
236753
238
2382161
239935
240427
240495
241425
2419771
2419772
2419774
2421
2424
242600
242606
244596
244787
245188
248039
2487072
2487118
2490858
249402
2494234
2494373
2495645
2496265
2496266
2498113
2498135
2498451
2500533
2500547
2506420
2507160
2507161
2507162
2509675
2511995
2516557
2518645
2518989
2518994
252130
252514
2527968
2527973
2527979
2527982
2527983
2527994
2527995
2527996
2528007
2528010
2528020
2528023
2528037
2528593
2528642
2528964
252966
252967
253239
253245
2546356
2546360
254758
2558174
2558361
2558931
2560057
2567881
2567941
256821
2570586
2576756
2576891
2579935
2582419
2583377
2583452
2583823
2587808
2587842
2588299
2588711
2590900
2591109
2592382
2593652
2593653
2594003
2594795
2594883
2596890
2596912
2597660
2598579
2598861
2599293
2599296
2599308
2600177
2601646
2601668
2601677
2601894
2601898
2602016
2603206
2605946
2606626
2610895
2613965
2614693
261964
264636
2651284
2652177
2652803
2654547
265606
266
2661630
2662261
2663022
2665156
2666138
266809
266951
2674991
2674997
2675053
2675054
2675298
2675754
2681470
2681766
2682776
2683272
2683590
2684113
2686094
2690837
2692125
2692330
2692425
269261
2696063
269673
2697032
2697043
2697363
2704468
2706014
2706887
2707525
2709410
271065
2710758
2711215
2711231
2712698
2714358
2714941
2715131
2715678
2715679
2715735
2716227
272131
2721545
2722751
2724
2725558
2726954
2728021
2728827
2729421
2731377
2732067
2732163
273376
273384
2734
2735133
2735436
2735562
2735563
2736
2738883
2739434
274
2740163
2740515
2740807
2742145
2742204
2743
2743772
2744479
2748098
2749086
2756
2758038
2758041
2759707
2761580
2763056
2763107
2763667
2763669
2763670
2763672
2764705
2771361
2771430
2773266
2773299
2774151
2775080
2779519
2779527
2780922
2781390
2782006
2782163
2785025
2789216
2789776
2789856
2792603
2792978
2795293
2795690
2796139
2798577
280236
28038
280473
28049
2806210
2806552
2806609
2807096
2807512
2807626
28077
2809020
2810512
2810562
2811108
2811111
281120
2811415
28118
2813371
2815577
2816908
2818388
28187
2819238
28197
28199
2820278
2820884
28227
28229
28251
28262
2828656
2829569
2829812
2830842
2834768
283811
2839024
284016
2841264
2843215
2843330
28446
2847778
2847992
2849779
2853258
2856823
2857064
2857077
2862509
2864201
2866311
2866588
286802
287
2871826
2875962
2877939
2880008
288004
2881056
2881234
2881428
2884022
2885951
2886352
288965
28901
2891570
2894156
289435
2896848
2898187
2899121
290053
2901142
290400
2904523
2906072
2908642
2908648
2916755
2917790
291990
2923279
2924032
2925830
292800
2928472
2931922
2933872
2934315
2935863
29360
29394
2940302
29405
2943192
2944914
29459
29471
2949635
2949664
2950108
29510
29539
29543
29549
29552
29554
296745
297
2974023
2975055
2976241
2976982
2979464
2980099
2980100
2981137
2981138
2984951
2985506
298654
2986923
2986949
299262
2994555
2995304
2999116
300019
300231
3003601
3022676
3022791
3024400
3025782
3028315
3028735
3029084
3031919
3035694
3036126
3036945
3039386
3039851
3040677
3040935
3041435
304207
3042615
3045146
3045816
3048007
304895
3050072
3052086
3053655
3058420
307486
309805
309806
310575
310783
311180
311182
313985
316068
316277
32025
320497
323415
328813
33007
33010
33025
33037
33045
33072
33074
33075
332055
332158
332249
332410
334543
336261
336810
336988
338565
338584
33871
33888
33903
33934
33936
33943
33959
33996
34
34018
34038
34073
34085
341045
34105
347534
349221
351052
355243
35554
356322
35701
357794
35786
35806
361111
361183
364317
364410
365349
36835
36861
36873
370038
370777
371036
37329
373994
37487
376489
376490
376805
37734
377615
379064
37927
37931
379347
379893
382
38289
386487
386490
387092
388408
38986
390884
39122
393662
39483
39485
39488
395631
395922
397260
39766
39775
397865
398
399
399736
40091
400946
40137
401471
401619
405212
40542
40567
40577
406548
41
410072
411483
41202
412034
412384
412593
412963
412965
414
414996
415229
416213
418699
418701
419479
41977
421
42253
423351
423605
42422
42443
426
426114
427923
428712
430679
43305
43357
436
43674
437505
43767
43948
44001
44012
441209
442
443156
445710
446660
446692
447471
450
450734
453162
453230
453304
454155
454171
45497
45656
45663
457083
458033
46165
463
465721
466153
467094
471189
471827
472569
472834
47671
477641
477976
47850
47960
48
48296
483547
485447
489910
49319
49338
496014
496056
497725
499229
499555
500
504468
505
511
511435
51173
511746
51197
51229
51515
516075
51664
51669
519472
52
52022
521689
530584
533
53336
53358
53362
53399
53442
53461
53635
538381
54005
540747
542
545
545619
546871
55206
553
553981
55508
55583
556287
556499
56
561061
561184
563
564137
565
566
569
570278
571177
571913
573
57480
576131
576611
577489
58138
582
584
585455
591197
593909
594679
59505
595468
59610
59930
604330
60890
60893
60920
61435
61635
617123
62088
62140
622488
626937
63
632
63363
634113
63612
63745
637971
638849
639313
64160
645517
649756
65093
651143
651457
651822
655015
65553
65555
656366
658062
66219
663364
665914
668
669502
671077
673
673862
674703
675864
676208
682798
692036
69223
692370
693075
69823
698828
69966
7
703
70799
708113
708131
712157
713887
714
715451
716
71667
716816
718192
72
72557
727
728
731
73141
738
73919
74033
74318
74426
747
74700
747548
748280
748811
75385
754477
76123
76259
76859
777
781
78259
78587
79604
79885
80816
80849
80866
80867
81032
813
81412
81462
81468
826
82654
82801
82977
82983
82985
82996
83263
833
83453
83561
83655
83771
84030
84032
84110
84135
84163
84378
844
84405
84531
847
84757
84980
85085
85404
85683
857417
859144
860235
86170
863
86304
86332
863643
865
86665
870
879
880
881
885040
889453
89152
89184
894
89586
897
90244
905
907
90736
913
913107
91844
91915
921
927083
92945
93220
936456
938288
938406
93929
94
940
940614
94132
941907
94254
944
94624
946333
948519
951
959
960
97084
97477
980251
981385
984
985
98671
995
999
